1	000959	首钢股份 点评	黑色金属	4.25	4.68%	126	11	-26.22	-29.87	-493	-.04	-.02	-2.94	9.3	-2.1	2	0	-.9	-1.2	-.2	2.3	63	0.97	0.1	1.0	30.6	31.8	24.9	25.1	44.4	42.1	1.87	3.75
2	600068	葛洲坝 点评	土木工程	7.24	4.47%	333	14	-23.79	-17.07	5158	.16	.12	29	16.48	12.8	9	1	5.5	7.3	-2.8	-10.0	116	1.31	17.5	12.0	46.7	39.4	14.9	17.7	20.9	30.9	1.21	2.82
3	600383	金地集团 点评	房地产业	11.19	3.23%	505	12	-10.19	-4.44	7279	.14	.1	40.1	11.36	11.5	3	1	11	.5	-3.9	-7.6	146	1.46	29.0	18.0	49.7	49.2	9.8	13.7	11.5	19.1	1.25	4.16
4	601155	新城控股 点评	房地产业	33.60	3.13%	242	56	5.66	29.73	-49	0	-.14	-12.7	7.69	-.1	3	0	6.7	-6.8	-1.4	1.5	134	0.83	19.8	13.1	47.1	53.9	13.4	14.8	19.7	18.2	2.01	1.03
5	600376	首开股份 点评	房地产业	8.75	3.06%	223	25	-5.1	-11.53	436	.02	.02	9.1	24.79	4.3	5	2	-2.8	7.1	-5.3	1.0	109	1.09	3.1	5.9	53.3	46.2	15.1	20.4	28.5	27.5	0.46	2.14
6	002673	西部证券 点评	金融服务	7.46	3.04%	261	37	-29.82	-40.75	-166	-.01	-.02	-1.76	10.91	-.6	0	0	1.4	-2	-.2	0.8	71	0.97	3.5	2.1	31.7	33.7	24.1	24.3	40.7	39.9	1.06	2.13
7	002831	裕同科技 点评	纸制品	51.99	2.63%	62	37	-.59	-9.77	-209	-.03	-.38	-20.84	27.26	-3.9	4	0	1.9	-5.8	-5.1	9.0	58	0.58	1.9	0.0	25.0	30.8	16.4	21.5	56.7	47.7	0.88	1.22
8	601228	广州港 点评	水上运输	5.94	2.59%	86	35	1.89	-5.26	744	.09	0	7.2	12.73	7.5	4	1	3.9	3.6	-1.7	-5.8	91	0.99	8.2	4.3	41.1	37.5	20.4	22.1	30.3	36.1	1.18	0.78
9	000983	西山煤电 点评	煤炭采选	8.04	2.55%	253	12	-12.51	-10.07	-200	-.01	-.02	-1.51	15.93	-.5	3	0	.1	-.6	.3	0.2	80	0.98	2.8	2.7	37.1	37.7	23.8	23.5	36.3	36.1	1.58	2.64
10	600682	南京新百 点评	零售业	35.90	2.51%	309	112	-4.9	-6.87	1462	.05	.03	17.64	23.44	3.7	3	1	3.4	.3	-1.7	-2.0	165	1.18	41.3	37.9	42.8	42.5	9.7	11.4	6.2	8.2	1.30	0.57
11	600048	保利地产 点评	房地产业	13.99	2.49%	1642	22	-3.58	10.42	15985	.1	.07	35.8	9.1	11.7	4	1	16.7	-5	-4.9	-6.8	150	1.37	34.2	17.5	46.5	51.5	8.7	13.6	10.6	17.4	0.83	1.30
12	600021	上海电力 点评	电热供应	7.40	2.35%	63	51	-5.73	-20.43	105	.02	-.02	.14	8.11	2.9	4	1	-4.3	7.2	-5.2	2.3	77	0.93	0.8	5.1	39.0	31.8	20.7	25.9	39.5	37.2	0.57	1.38
13	000002	万科A 点评	房地产业	27.99	2.27%	2719	86	1.01	-7.04	-1952	-.01	0	-4.14	13.68	-1	0	0	1.3	-2.3	.3	0.7	134	0.95	8.5	7.2	57.9	60.2	13.8	13.5	19.8	19.1	0.72	1.30
14	601009	南京银行 点评	金融服务	8.06	2.15%	650	6	-10.84	3.2	3362	.05	-.04	-1.08	10.32	7.1	6	2	9.1	-2	-4.5	-2.6	121	0.87	23.1	14.0	41.0	43.0	15.8	20.3	20.1	22.7	0.73	1.34
15	001979	招商蛇口 点评	房地产业	22.57	1.76%	429	8	6.01	25.04	-1698	-.04	-.01	-2.5	9	-1.8	2	0	1.2	-3	.5	1.3	116	0.99	7.8	6.6	49.2	52.2	20.2	19.7	22.8	21.5	2.18	1.63
16	601668	中国建筑 点评	土木工程	8.27	1.72%	2459	8	-10.5	-11.65	15783	.06	.03	35.54	12.25	17.9	3	1	17.5	.4	-9	-8.9	135	1.29	36.2	18.7	40.4	40.0	11.9	20.9	11.5	20.4	0.36	2.05
17	601939	建设银行 点评	金融服务	7.23	1.69%	694	6	2.12	3.58	20526	.3	.03	63.08	17.85	17	1	1	18.9	-1.9	-4.9	-12.1	147	1.78	47.4	28.5	34.5	36.4	9.3	14.2	8.8	20.9	1.75	1.54
18	601398	工商银行 点评	金融服务	5.70	1.42%	15368	6	1.79	-3.23	24963	.02	0	64.95	10.76	15.7	1	1	19.9	-4.2	-5.5	-10.2	156	1.79	55.9	36.0	30.0	34.2	6.9	12.4	7.2	17.4	0.10	1.76
19	601898	中煤能源 点评	煤炭采选	5.03	1.41%	460	11	1.21	-11.91	273	.01	0	6.77	23.75	3.3	1	1	-2	5.3	-2.6	-0.7	114	1.06	8.2	10.2	50.2	44.9	16.2	18.8	25.4	26.1	0.18	1.37
20	601872	招商轮船 点评	水上运输	3.67	1.38%	173	92	-8.48	-18.08	124	.01	-.03	-7.36	23.78	4.3	5	2	1	3.3	-3.8	-0.5	88	0.77	1.0	0.0	45.2	41.9	16.1	19.9	37.7	38.2	0.17	0.92
21	000671	阳光城 点评	房地产业	6.63	1.38%	215	30	-19.34	-5.42	1737	.08	.27	33.26	-10.26	6.9	2	1	1.1	5.8	-2.8	-4.1	99	1.65	7.6	6.5	45.2	39.4	20.8	23.6	26.4	30.5	1.16	1.26
22	600188	兖州煤业 点评	煤炭采选	14.72	1.31%	436	8	2.29	9.12	1943	.04	.02	22.84	-1.1	3.3	1	1	1	2.3	-2.1	-1.2	127	1.35	12.2	11.2	52.9	50.6	14.9	17.0	20.0	21.2	1.35	1.23
23	600036	招商银行 点评	金融服务	28.94	1.30%	5970	8	.7	1.08	7642	.01	0	22.76	19.56	6.3	1	1	2.4	3.9	-1.6	-4.7	147	1.25	25.1	22.7	51.6	47.7	11.9	13.5	11.4	16.1	0.20	1.22
24	600690	青岛海尔 点评	电气机械	20.63	1.28%	1258	16	4.24	9.56	1107	.01	0	-.34	16.51	1.2	5	1	-.2	1.4	-.9	-0.3	141	0.98	17.0	17.2	54.3	52.9	12.0	12.9	16.7	17.0	0.74	0.86
25	002142	宁波银行 点评	金融服务	17.60	1.27%	790	8	-12.7	2.39	698	.01	.01	4.26	16.65	2.2	6	1	2.6	-.4	-.6	-1.6	90	1.05	6.9	4.3	39.3	39.7	21.5	22.1	32.3	33.9	0.40	1.72
26	601117	中国化学 点评	土木工程	7.34	1.24%	362	23	8.1	12.92	1854	.05	0	11.72	-10.28	11.7	4	1	1.1	10.6	-19.1	7.4	88	1.00	2.9	1.8	47.0	36.4	18.5	37.6	31.6	24.2	0.44	1.23
27	601933	永辉超市 点评	零售业	8.35	1.21%	679	26	-19.63	-14.62	2571	.04	0	4.95	-4.53	6.2	6	1	.9	5.3	-5.3	-0.9	129	0.98	16.3	15.4	51.2	45.9	13.5	18.8	19.0	19.9	0.62	0.74
28	002202	金风科技 点评	通用设备	14.76	1.17%	414	59	-1.47	-19.78	-743	-.02	0	-7.19	15.66	-4.8	0	0	.2	-5	-1.1	5.9	63	0.93	0.2	0.0	28.7	33.7	23.5	24.6	47.6	41.7	0.37	0.91
29	600482	中国动力 点评	运输设备	17.55	1.15%	160	37	-29.63	-33.97	-1382	-.09	-.21	-24.98	9.2	-7.9	6	0	-1	-6.9	-4.6	12.5	81	0.67	2.1	3.1	34.6	41.5	23.5	28.1	39.8	27.3	1.09	1.72
30	601088	中国神华 点评	煤炭采选	21.19	1.05%	3494	9	.28	-4.03	1912	0	0	18.77	5.02	3.1	1	1	5.9	-2.8	-.9	-2.2	142	1.24	26.8	20.9	45.9	48.7	13.1	14.0	14.2	16.4	0.18	1.25
31	601166	XD兴业银 点评	金融服务	15.42	1.05%	2938	5	-14.71	-10.35	2103	.01	-.02	-12.63	12.57	2	7	2	-.6	2.6	-3.8	1.8	143	0.82	30.1	30.7	42.5	39.9	11.7	15.5	15.7	13.9	0.36	1.46
32	600688	上海石化 点评	燃料加工	5.83	1.04%	427	9	1.57	-7.75	1370	.03	0	28.61	3.31	15.8	1	1	24.8	-9	-7.1	-8.7	121	1.23	38.8	14.0	29.5	38.5	10.1	17.2	21.6	30.3	0.20	1.55
33	000069	华侨城A 点评	房地产业	8.08	1.00%	497	15	-4.6	-3.69	-542	-.01	0	-1.8	1.63	-1.3	4	0	3.9	-5.2	.4	0.9	119	0.99	12.3	8.4	46.8	52.0	20.7	20.3	20.2	19.3	0.83	2.53
34	000001	平安银行 点评	金融服务	10.17	0.99%	1746	8	-17.18	-21.77	-1655	-.01	0	-2.48	2.68	-1.3	4	0	-.7	-.6	.4	0.9	130	0.98	17.9	18.6	46.5	47.1	14.9	14.5	20.7	19.8	0.73	1.51
35	600115	东方航空 点评	航空运输	8.17	0.99%	801	15	.62	8.93	5939	.07	.01	36.44	-19.08	12.8	1	1	-1.7	14.5	-5.4	-7.4	134	1.41	13.8	15.5	59.6	45.1	13.9	19.3	12.7	20.1	0.58	1.41
36	600340	华夏幸福 点评	房地产业	29.11	0.97%	860	10	-23.11	-6.61	-871	-.01	-.01	-4.28	3.62	-1.2	3	0	-2.7	1.5	-.3	1.5	128	0.95	17.8	20.5	45.4	43.9	17.2	17.5	19.6	18.1	0.84	1.41
37	601998	中信银行 点评	金融服务	6.27	0.97%	2000	6	1.29	1.46	291	0	0	10.62	8.41	2.1	1	1	-6.5	8.6	1.7	-3.8	128	1.14	5.3	11.8	59.8	51.2	12.4	10.7	22.5	26.3	0.07	1.52
38	600585	海螺水泥 点评	非金属	37.08	0.95%	1483	10	-.72	27.55	188	0	0	-.57	5.89	.2	1	1	2	-1.8	-.5	0.3	135	0.99	17.5	15.5	49.9	51.7	13.5	14.0	19.1	18.8	0.63	0.72
39	600029	南方航空 点评	航空运输	10.85	0.93%	762	11	2.07	-3.21	2452	.03	0	7.95	1.41	2.8	1	1	-1.9	4.7	-.4	-2.4	136	1.08	20.8	22.7	48.6	43.9	13.2	13.6	17.4	19.8	1.14	1.27
40	000333	美的集团 点评	电气机械	56.28	0.90%	3585	18	5.39	5.59	-5070	-.01	-.01	-5.49	.62	-2.9	5	0	-3.4	.5	1.1	1.8	135	0.96	15.5	18.9	50.6	50.1	14.3	13.2	19.6	17.8	0.49	0.69
41	600606	绿地控股 点评	房地产业	6.84	0.88%	220	6	-9.76	-5.13	4399	.2	.14	20.61	11.04	8.9	1	1	3.1	5.8	-3.3	-5.6	126	1.20	21.7	18.6	45.5	39.7	12.4	15.7	20.4	26.0	2.22	1.52
42	601800	中国交建 点评	土木工程	11.81	0.85%	1387	14	.51	-12.65	1398	.01	0	31.13	1.88	14.2	1	1	1.9	12.3	-2.7	-11.5	109	1.35	9.3	7.4	52.2	39.9	13.4	16.1	25.1	36.6	0.07	1.55
43	601618	中国中冶 点评	土木工程	3.55	0.85%	634	11	-.28	-28.28	-417	-.01	0	-19.07	13.61	-6	0	0	-3.3	-2.7	-.2	6.2	93	0.76	4.5	7.8	39.2	41.9	15.9	16.1	40.4	34.2	0.11	1.61
44	601169	北京银行 点评	金融服务	6.20	0.81%	1131	6	-15.53	-14.6	-758	-.01	.01	2.52	21.68	-3.3	7	0	-2.7	-.6	7.5	-4.2	111	1.11	10.3	13.0	43.7	44.3	26.3	18.8	19.7	23.9	0.20	0.76
45	601225	陕西煤业 点评	煤炭采选	8.95	0.79%	895	8	2.4	11.18	-1646	-.02	0	-3.59	-4.69	-2.3	3	0	-.7	-1.6	.6	1.7	143	0.98	22.1	22.8	48.2	49.8	15.1	14.5	14.6	12.9	0.80	1.04
46	600000	浦发银行 点评	金融服务	10.30	0.78%	2895	6	-16.19	-18.83	-819	0	0	4.6	14.25	-4	0	0	-3.7	-.3	.8	3.2	123	1.15	10.7	14.4	49.0	49.3	18.5	17.7	21.8	18.6	0.07	1.01
47	600011	华能国际 点评	电热供应	6.57	0.77%	690	21	-.76	3.63	527	.01	0	14.64	-7.75	9	1	1	0	9	-2.4	-6.6	116	1.10	0.0	0.0	62.6	53.6	16.0	18.4	21.4	28.0	0.09	0.98
48	000338	潍柴动力 点评	汽车制造	9.52	0.74%	411	10	-2.06	24.61	-5581	-.14	-.01	-10.53	8.46	-4.7	0	0	-5.1	.4	2.5	2.2	130	0.91	10.2	15.3	52.2	51.8	18.3	15.8	19.3	17.1	2.90	0.78
49	601600	中国铝业 点评	有色金属	4.10	0.74%	449	54	-.49	-49.32	5983	.14	0	20.43	-5.84	12.3	1	1	16.1	-3.8	-7.1	-5.2	135	1.13	37.0	20.9	36.8	40.6	11.2	18.3	15.0	20.2	1.09	1.47
50	600900	长江电力 点评	电热供应	17.67	0.74%	2033	34	6.83	7.29	-310	0	-.01	-7.92	-5.45	-.7	5	0	-8.6	7.9	2.7	-2.0	139	0.90	18.4	27.0	51.0	43.1	14.2	11.5	16.4	18.4	0.22	1.15
51	601229	上海银行 点评	金融服务	15.87	0.70%	588	7	1.99	7.59	-362	-.01	-.04	-14.86	22.28	-1.7	4	0	8.2	-9.9	-2.9	4.6	108	0.79	14.5	6.3	38.7	48.6	18.1	21.0	28.7	24.1	0.36	0.57
52	601111	中国国航 点评	航空运输	11.73	0.69%	1108	15	1.21	3.08	1130	.01	0	1.41	7.26	2.8	1	1	-5.2	8	.5	-3.3	137	0.98	17.7	22.9	52.4	44.4	13.4	12.9	16.5	19.8	0.36	1.01
53	600008	首创股份 点评	水供应	4.35	0.69%	210	61	-10.86	-15.53	1289	.06	.03	25.4	7.99	16.8	5	1	28.6	-11.8	-9.4	-7.4	99	1.19	39.5	10.9	18.3	30.1	15.8	25.2	26.4	33.8	0.37	1.30
54	600019	宝钢股份 点评	黑色金属	8.97	0.67%	1981	10	-11.54	5.9	12316	.06	.04	41.6	3.59	15.9	5	1	4.4	11.5	-10.3	-5.6	135	1.44	18.3	13.9	56.9	45.4	12.7	23.0	12.1	17.7	0.39	1.28
55	601328	交通银行 点评	金融服务	6.01	0.67%	2359	6	.84	-4.3	2429	.01	0	23.45	5.82	7	1	1	-2.2	9.2	-2.7	-4.3	144	1.25	30.3	32.5	45.3	36.1	11.8	14.5	12.6	16.9	0.15	1.21
56	600919	江苏银行 点评	金融服务	6.82	0.59%	406	6	-9.55	-12.9	335	.01	.01	4.63	13.04	2	2	1	-5.1	7.1	.8	-2.8	111	1.05	10.8	15.9	45.5	38.4	19.0	18.2	24.7	27.5	0.41	0.74
57	300003	乐普医疗 点评	专用设备	35.98	0.59%	506	53	34.45	46.86	480	.01	-.01	1.03	-3	1.7	6	2	.6	1.1	-2.1	0.4	80	0.98	2.1	1.5	38.5	37.4	23.1	25.2	36.3	35.9	0.56	0.73
58	600157	永泰能源 点评	煤炭采选	1.76	0.57%	219	11	-48.08	-47.62	-2298	-.1	-.06	-25.38	7.64	-10	1	0	-7.4	-2.6	3.4	6.6	109	0.76	12.6	20.0	36.8	39.4	23.9	20.5	26.7	20.1	1.05	1.22
59	601288	农业银行 点评	金融服务	3.63	0.55%	10674	5	.83	2.78	9424	.01	0	41.48	16.08	10.8	1	1	13.7	-2.9	-2.5	-8.3	158	1.45	54.4	40.7	30.0	32.9	7.2	9.7	8.4	16.7	0.08	1.26
60	601988	中国银行 点评	金融服务	3.75	0.54%	7904	6	.27	-3.6	4845	.01	0	23.81	14.36	10	1	1	8.7	1.3	-2.1	-7.9	145	1.21	42.6	33.9	34.8	33.5	9.3	11.4	13.3	21.2	0.06	1.57
61	601818	光大银行 点评	金融服务	3.89	0.52%	1549	6	0	-5.58	2214	.01	0	20.25	6.92	7.7	1	1	9.7	-2	-.8	-6.9	143	1.19	31.3	21.6	44.3	46.3	8.6	9.4	15.8	22.7	0.19	1.25
62	000961	中南建设 点评	土木工程	7.69	0.52%	285	19	9.08	28.17	-1508	-.05	-.27	-17.96	17.1	-5.8	7	0	-1.8	-4	1	4.8	86	0.76	1.9	3.7	38.3	42.3	21.2	20.2	38.6	33.8	0.90	1.39
63	600369	西南证券 点评	金融服务	3.94	0.51%	222	20	-12.83	-18.09	-171	-.01	-.04	-17.38	13.31	-3.5	3	0	2.7	-6.2	-.9	4.4	91	0.74	2.7	0.0	40.9	47.1	14.9	15.8	41.5	37.1	0.22	0.95
64	600703	三安光电 点评	电子设备	19.50	0.46%	795	20	-23.38	-29.12	-3686	-.05	-.05	-21.33	-6.09	-6.7	7	0	-5.1	-1.6	1.6	5.1	116	0.78	5.8	10.9	48.7	50.3	19.2	17.6	26.3	21.2	0.70	0.66
65	600028	中国石化 点评	石油开采	6.49	0.46%	6202	10	.93	8.89	3646	.01	0	11.09	8.13	7.7	1	1	.2	7.5	-9.6	1.9	118	1.06	17.7	17.5	45.3	37.8	16.0	25.6	21.0	19.1	0.08	0.81
66	601997	贵阳银行 点评	金融服务	13.04	0.46%	162	6	-14.88	-7.06	-107	-.01	0	-2.04	-10.77	-.7	3	0	-6.6	5.9	2.2	-1.5	138	0.98	8.8	15.4	60.0	54.1	12.3	10.1	18.9	20.4	0.95	1.48
67	601628	中国人寿 点评	保险业	24.68	0.45%	5139	13	.98	-18.12	-809	0	0	-8.19	7.1	-2.8	0	0	-20.8	18	.5	2.3	140	0.93	10.7	31.5	57.7	39.7	13.2	12.7	18.4	16.1	0.06	1.24
68	600309	万华化学 点评	化学制品	47.96	0.44%	1311	9	29.62	31.61	-13314	-.1	-.13	-32.74	6.83	-6.2	3	0	.7	-6.9	1.9	4.3	160	0.72	32.8	32.1	43.9	50.8	12.1	10.2	11.2	6.9	1.64	0.66
69	600660	福耀玻璃 点评	非金属	25.68	0.43%	514	29	-1.15	-5.93	3103	.06	.06	31.8	4.72	11.2	4	1	-1.9	13.1	-2.1	-9.1	131	1.36	20.1	22.0	51.0	37.9	13.5	15.6	15.4	24.5	0.54	0.84
70	002572	索菲亚 点评	家具制造	37.04	0.43%	230	83	1.67	9.59	-538	-.02	-.02	-6.06	8.49	-4.8	2	0	1.2	-6	12.3	-7.5	60	0.96	4.3	3.1	23.3	29.3	34.0	21.7	38.4	45.9	0.49	0.72
71	601601	中国太保 点评	保险业	36.14	0.42%	2272	22	3.79	-13.25	-3868	-.02	0	-2.23	3.19	-4.7	0	0	-.6	-4.1	3.2	1.5	137	1.04	23.1	23.7	43.0	47.1	14.3	11.1	19.6	18.1	0.36	0.89
72	600015	华夏银行 点评	金融服务	7.98	0.38%	1023	7	-15.11	-12.5	-1091	-.01	0	-3.16	2.49	-6.2	3	0	-3.2	-3	3.7	2.5	139	1.04	16.7	19.9	49.6	52.6	16.2	12.5	17.5	15.0	0.17	0.98
73	601919	中远海控 点评	水上运输	5.52	0.36%	421	69	-1.78	-18.22	-759	-.02	0	-12.82	-7.04	-6.8	0	0	-8.8	2	-1.2	8.0	117	0.90	5.9	14.7	49.3	47.3	16.9	18.1	27.9	19.9	0.27	0.99
74	601611	中国核建 点评	土木工程	8.49	0.35%	82	42	-11.1	-21.1	384	.05	-.04	.07	8.27	7.1	4	1	-3.6	10.7	-7.6	0.5	118	0.89	0.1	3.7	62.5	51.8	11.1	18.7	26.3	25.8	0.67	1.40
75	600170	上海建工 点评	土木工程	3.27	0.31%	278	14	-14.4	-13.03	67	0	-.02	-10.07	-6.1	1.4	2	1	-19.2	20.6	1.8	-3.2	93	0.78	0.0	19.2	47.0	26.4	13.4	11.6	39.6	42.8	0.17	0.95
76	000709	河钢股份 点评	黑色金属	3.21	0.31%	341	23	-19.14	-18.94	-470	-.01	0	-1.79	9.04	-1.5	2	0	1.1	-2.6	.5	1.0	96	0.99	11.1	10.0	36.2	38.8	18.0	17.5	34.7	33.7	0.92	2.35
77	002146	荣盛发展 点评	房地产业	9.95	0.30%	387	18	-8.72	12.43	-2328	-.06	-.06	-11.68	5.28	-4.4	3	0	.3	-4.7	.4	4.0	122	0.89	8.6	8.3	50.3	55.0	17.5	17.1	23.6	19.6	1.35	1.78
78	002460	赣锋锂业 点评	有色金属	39.48	0.30%	207	21	-44.4	-46.45	-2408	-.12	-.04	-4.31	2.31	-2.9	4	0	-2.8	-.1	.5	2.4	94	0.97	4.8	7.6	40.8	40.9	19.0	18.5	35.4	33.0	3.99	0.98
79	002601	龙蟒佰利 点评	化学制品	13.51	0.30%	91	12	-24.69	-12.33	48	0	0	.51	-4.28	.5	4	1	-.2	.7	-2.9	2.4	50	1.00	0.0	0.2	25.2	24.5	25.9	28.8	48.9	46.5	1.06	0.79
80	601318	中国平安 点评	保险业	64.63	0.29%	7001	11	1.14	-8.98	863	0	0	-3.46	8.14	.2	1	1	.9	-.7	-.9	0.7	163	0.96	42.1	41.2	39.4	40.1	8.1	9.0	10.4	9.7	0.62	1.04
81	601899	紫金矿业 点评	金属采选	3.96	0.25%	626	21	-2.22	.76	-6760	-.11	-.02	-33.55	5.61	-8.7	0	0	-14.6	5.9	2.6	6.1	135	0.70	15.2	29.8	48.2	42.3	12.4	9.8	24.2	18.1	1.26	1.29
82	600061	国投资本 点评	金融服务	10.16	0.20%	375	21	-18	-28.3	-439	-.01	-.02	-22.26	21.03	-10.1	4	0	2.4	-12.5	.4	9.7	99	0.79	6.5	4.1	37.7	50.2	18.7	18.3	37.1	27.4	0.12	0.86
83	300024	机器人 点评	通用设备	18.03	0.17%	273	116	.56	-5.21	-590	-.02	-.01	-3.62	-1.49	-2.5	7	0	1.9	-4.4	-.2	2.7	85	0.97	5.6	3.7	35.6	40.0	23.5	23.7	35.3	32.6	0.86	1.48
84	601901	方正证券 点评	金融服务	5.92	0.17%	487	37	-8.5	-15.43	-535	-.01	-.01	-15.05	17.49	-8	1	0	-5.2	-2.8	.3	7.7	100	0.87	3.0	8.2	42.8	45.6	16.9	16.6	37.3	29.6	0.14	1.36
85	600926	杭州银行 点评	金融服务	11.55	0.17%	170	7	-2.12	-.35	-2257	-.13	-.26	-81.94	-14.96	-15.8	3	0	3.2	-19	1.7	14.1	141	0.45	17.4	14.2	45.4	64.4	12.0	10.3	25.2	11.1	0.84	1.02
86	002456	欧菲科技 点评	电子设备	18.44	0.16%	485	42	-14.03	-8.58	-1710	-.04	.1	2.6	-14.25	-4.5	7	0	.9	-5.4	5.4	-0.9	76	1.21	3.3	2.4	32.3	37.7	26.1	20.7	38.3	39.2	0.78	0.70
87	000651	格力电器 点评	电气机械	49.01	0.14%	2926	13	-5.77	12.1	-1766	-.01	0	-.47	-6.19	-.8	4	0	3.2	-4	.1	0.7	116	1.01	13.7	10.5	43.8	47.8	19.3	19.2	23.2	22.5	0.75	0.59
88	600016	民生银行 点评	金融服务	7.45	0.13%	2202	5	-.27	-12.46	35	0	0	6.72	-1.51	.1	1	1	-3.8	3.9	-1.3	1.2	134	1.10	20.4	24.2	46.6	42.7	15.1	16.4	17.9	16.7	0.16	1.04
89	601857	中国石油 点评	石油开采	7.75	0.13%	12549	32	-1.02	-2.39	-1571	0	0	-1.21	-11.01	-8.5	0	0	-7.9	-.6	1.1	7.4	119	1.13	10.6	18.5	44.4	45.0	15.2	14.1	29.8	22.4	0.01	1.04
90	600031	三一重工 点评	专用设备	8.63	0.12%	660	11	1.29	1.29	-437	-.01	0	-.92	-.45	-.6	3	0	11.5	-12.1	-1.9	2.5	135	1.00	28.0	16.5	39.4	51.5	14.3	16.2	18.3	15.8	1.11	0.86
91	601006	大秦铁路 点评	铁路运输	9.14	0.11%	1359	8	-3.28	3.16	979	.01	.04	21.69	-23.94	2.9	4	1	7.1	-4.2	1.4	-4.3	121	1.36	20.7	13.6	41.2	45.4	16.9	15.5	21.2	25.5	0.25	0.72
92	000625	长安汽车 点评	汽车制造	9.71	0.10%	365	8	-.41	-26.1	-102	0	0	-5.87	-5.3	-1.5	0	0	-.4	-1.1	-2.3	3.8	59	0.86	1.9	2.3	26.7	27.8	23.8	26.1	47.6	43.8	0.19	0.70
93	000568	泸州老窖 点评	饮料制造	67.23	0.06%	942	20	11.88	2.22	-5047	-.05	-.06	-23.35	22.57	-10.2	8	0	-10.3	.1	4.7	5.5	111	0.79	6.5	16.8	43.8	43.7	21.9	17.2	27.8	22.3	0.53	0.90
94	000540	中天金融 点评	房地产业	0.00	0.00%	317	12	0	0	0	0	0	.54	0	0	1	0	0	0	0	0.0	0	0.00	0.0	0.0	0.0	0.0	0.0	0.0	0.0	0.0	0.00	0.00
95	000723	美锦能源 点评	燃料加工	0.00	0.00%	59	18	-.63	-12.78	0	-.06	-.19	-22.74	0	0	1	0	0	0	0	0.0	0	0.00	0.0	0.0	0.0	0.0	0.0	0.0	0.0	0.0	0.00	0.00
96	000728	国元证券 点评	金融服务	7.95	0.00%	234	40	-15.43	-30.51	-508	-.02	0	-4.67	9	-5.2	2	0	-1.5	-3.7	0	5.2	74	1.01	1.6	3.1	32.9	36.6	26.4	26.4	39.1	33.9	0.42	1.20
97	000402	金融街 点评	房地产业	8.83	0.00%	264	12	-14.19	-18.54	-213	-.01	0	-3	-3.85	-3.1	4	0	-1.9	-1.2	0	3.1	67	1.00	4.0	5.9	27.9	29.1	26.0	26.0	42.1	39.0	0.26	1.27
98	000415	渤海金控 点评	租赁业	0.00	0.00%	207	17	-3.47	.17	0	-.05	-.09	-29.84	0	0	2	0	0	0	0	0.0	0	0.00	0.0	0.0	0.0	0.0	0.0	0.0	0.0	0.0	0.00	0.00
99	000008	神州高铁 点评	运输设备	0.00	0.00%	127	335	-4.93	-9.51	0	-.02	.03	7.07	0	0	4	0	0	0	0	0.0	0	0.00	0.0	0.0	0.0	0.0	0.0	0.0	0.0	0.0	0.00	0.00
100	002252	上海莱士 点评	医药制造	0.00	0.00%	972	-35	.72	-1.66	0	.01	.03	46.63	0	0	9	4	0	0	0	0.0	0	0.00	0.0	0.0	0.0	0.0	0.0	0.0	0.0	0.0	0.00	0.00
101	002292	奥飞娱乐 点评	文教用品	10.83	0.00%	83	77	-6.64	-25.36	165	.02	.04	4.46	-7.35	2.7	5	2	0	2.7	-.4	-2.3	46	1.08	0.0	0.0	24.3	21.6	30.0	30.4	45.7	48.0	0.73	1.16
102	002310	东方园林 点评	土木工程	0.00	0.00%	244	1044	5.19	-5.02	0	.03	.03	4.95	0	0	6	5	0	0	0	0.0	0	0.00	0.0	0.0	0.0	0.0	0.0	0.0	0.0	0.0	0.00	0.00
103	600074	*ST保千 点评	电子设备	1.36	0.00%	14	-7	-40.09	-86.91	-98	-.07	-.15	-10.56	-6.83	-2.6	3	0	-1.6	-1	-3.4	6.0	73	0.81	3.8	5.4	31.2	32.2	30.7	34.1	34.3	28.3	2.69	1.31
104	002450	康得新 点评	橡胶塑料	0.00	0.00%	494	21	-1.1	-15.61	0	.02	.01	4.54	0	0	3	1	0	0	0	0.0	0	0.00	0.0	0.0	0.0	0.0	0.0	0.0	0.0	0.0	0.00	0.00
105	002500	山西证券 点评	金融服务	7.23	0.00%	205	58	-3.98	-22.26	-493	-.02	.03	.38	-1.11	-2.4	3	0	-.9	-1.5	.7	1.7	90	1.06	3.5	4.4	40.4	41.9	21.2	20.5	34.9	33.2	1.00	1.75
106	002466	天齐锂业 点评	有色金属	0.00	0.00%	624	24	3.92	16.77	0	.04	.05	2.81	0	0	6	1	0	0	0	0.0	0	0.00	0.0	0.0	0.0	0.0	0.0	0.0	0.0	0.0	0.00	0.00
107	002470	金正大 点评	化学制品	0.00	0.00%	193	11	10.11	-4.81	0	-.02	.05	2.37	0	0	7	0	0	0	0	0.0	0	0.00	0.0	0.0	0.0	0.0	0.0	0.0	0.0	0.0	0.00	0.00
108	002602	世纪华通 点评	汽车制造	0.00	0.00%	259	34	1.72	2.67	0	0	0	-.46	0	0	4	0	0	0	0	0.0	0	0.00	0.0	0.0	0.0	0.0	0.0	0.0	0.0	0.0	0.00	0.00
109	002624	完美世界 点评	互联网	0.00	0.00%	151	30	8.29	-1.75	0	.02	-.04	-3.35	0	0	7	3	0	0	0	0.0	0	0.00	0.0	0.0	0.0	0.0	0.0	0.0	0.0	0.0	0.00	0.00
110	002739	万达电影 点评	文体传媒	0.00	0.00%	593	28	-.78	0	0	.02	-.03	-.74	0	0	3	1	0	0	0	0.0	0	0.00	0.0	0.0	0.0	0.0	0.0	0.0	0.0	0.0	0.00	0.00
111	002797	第一创业 点评	金融服务	7.40	0.00%	142	92	-13.45	-22.84	-3384	-.24	-.1	-7.18	3.21	-5.6	0	0	-1.7	-3.9	.5	5.1	69	0.96	1.8	3.5	29.8	33.7	22.0	21.5	46.4	41.3	4.25	1.30
112	601118	海南橡胶 点评	农业	0.00	0.00%	260	-26	2.76	5.67	0	.04	.08	16.7	0	0	5	1	0	0	0	0.0	0	0.00	0.0	0.0	0.0	0.0	0.0	0.0	0.0	0.0	0.00	0.00
113	601390	中国中铁 点评	土木工程	0.00	0.00%	1369	14	.95	-12.73	0	0	0	0	0	0	0	0	0	0	0	0.0	0	0.00	0.0	0.0	0.0	0.0	0.0	0.0	0.0	0.0	0.00	0.00
114	601727	上海电气 点评	通用设备	0.00	0.00%	625	36	3.59	-7.31	0	0	0	0	0	0	0	0	0	0	0	0.0	0	0.00	0.0	0.0	0.0	0.0	0.0	0.0	0.0	0.0	0.00	0.00
115	601766	中国中车 点评	运输设备	8.66	0.00%	1985	54	-1.25	-22.95	1728	.01	0	6.21	-3.3	5.6	1	1	15.9	-10.3	-1.1	-4.5	109	1.01	27.9	12.0	29.6	39.9	20.0	21.1	22.5	27.0	0.16	1.24
116	600871	*ST油服 点评	开采辅助	2.03	0.00%	244	254	-.98	-26.71	-35	0	0	-3.3	-31.36	-1.9	0	0	5.6	-7.5	-2.1	4.0	96	0.97	11.1	5.5	35.9	43.4	21.3	23.4	31.7	27.7	0.07	1.14
117	600219	南山铝业 点评	有色金属	2.96	0.00%	210	25	-10.03	-14.7	42	0	0	1.24	3.29	.6	5	2	-.3	.9	-1.6	1.0	114	1.01	9.7	10.0	47.7	46.8	15.6	17.2	27.0	26.0	0.34	1.09
118	600221	海航控股 点评	航空运输	0.00	0.00%	531	10	1.25	2.2	0	.03	.01	14.52	0	0	7	3	0	0	0	0.0	0	0.00	0.0	0.0	0.0	0.0	0.0	0.0	0.0	0.0	0.00	0.00
119	600485	信威集团 点评	电子设备	0.00	0.00%	238	-21	-9.65	0	0	-.62	-.87	-24.6	0	0	2	0	0	0	0	0.0	0	0.00	0.0	0.0	0.0	0.0	0.0	0.0	0.0	0.0	0.00	0.00
120	601991	大唐发电 点评	电热供应	3.20	0.00%	320	20	0	-23.44	-281	-.01	0	-61.84	5.74	-12.7	0	0	4.6	-17.3	-1.7	14.4	87	0.40	4.6	0.0	32.6	49.9	17.6	19.3	45.2	30.8	0.07	1.07
121	600406	国电南瑞 点评	软件服务	17.05	-0.06%	376	207	3.33	-8.19	487	.01	.04	15.08	-14.62	2.7	1	1	1.7	1	-6.8	4.1	125	1.22	12.6	10.9	51.2	50.2	11.1	17.9	25.1	21.0	0.49	1.50
122	002468	申通快递 点评	邮政业	23.25	-0.09%	77	23	-3.73	-3.45	-126	-.02	-.03	-6.96	1.25	-3.8	3	0	.9	-4.7	1.2	2.6	48	0.88	0.9	0.0	21.2	25.9	30.5	29.3	47.4	44.8	0.43	0.69
123	300251	光线传媒 点评	文体传媒	10.09	-0.10%	278	4	-21.78	.3	61	0	.02	3.03	-2.07	.4	3	1	1.1	-.7	-2.3	1.9	78	1.07	3.4	2.3	35.6	36.3	21.3	23.6	39.7	37.8	0.55	0.68
124	002304	洋河股份 点评	饮料制造	143.00	-0.14%	1776	15	12.41	24.9	-1616	-.01	.01	-1.57	-8.82	-2.9	0	0	-1.7	-1.2	2.9	0.0	89	1.03	3.0	4.7	40.2	41.4	29.7	26.8	27.1	27.1	0.31	0.89
125	600741	华域汽车 点评	汽车制造	25.75	-0.16%	738	7	-5.68	-.04	4128	.06	0	9.03	-20.54	9.4	5	1	.6	8.8	-15	5.6	108	0.99	15.5	14.9	43.4	34.6	15.0	30.0	26.1	20.5	0.60	1.37
126	601688	华泰证券 点评	金融服务	16.53	-0.18%	900	16	-5.65	-9.42	-8231	-.09	-.07	-31.19	7.05	-14.5	4	0	-.8	-13.7	5.6	8.9	118	0.76	13.1	13.9	38.6	52.3	21.0	15.4	27.3	18.4	0.63	1.37
127	600519	XD贵州茅 点评	饮料制造	773.33	-0.23%	9715	29	4.79	16.37	-6875	-.01	0	-8	-3.33	-2.8	4	0	-5.1	2.3	3.2	-0.4	163	0.94	37.6	42.7	42.6	40.3	19.7	16.5	0.1	0.5	0.25	0.80
128	600362	江西铜业 点评	有色金属	16.97	-0.24%	352	19	-.59	0	-904	-.03	0	-9.88	-21.41	-2.4	0	0	14.3	-16.7	-1.1	3.5	132	0.89	27.5	13.2	37.3	54.0	14.4	15.5	20.8	17.3	1.08	1.20
129	600177	雅戈尔 点评	房地产业	8.16	-0.24%	292	15	-9.33	-11.5	-597	-.02	-.02	-19.96	-7.51	-11.4	2	0	-9.5	-1.9	-3.8	15.2	98	0.84	0.0	9.5	43.2	45.1	19.3	23.1	37.5	22.3	0.18	1.16
130	000157	中联重科 点评	专用设备	4.16	-0.24%	259	21	-1.19	-3.03	-53	0	0	9.69	-11.35	-.8	0	0	-2.4	1.6	.2	0.6	83	1.28	0.0	2.4	41.1	39.5	24.2	24.0	34.7	34.1	0.26	0.93
131	600208	新湖中宝 点评	房地产业	3.95	-0.25%	340	11	-8.99	-29.46	1634	.05	.06	42.11	-23.21	14.8	4	1	-2.6	17.4	-6.1	-8.7	117	1.55	7.4	10.0	58.7	41.3	7.7	13.8	26.2	34.9	0.33	1.36
132	002230	科大讯飞 点评	软件服务	35.51	-0.28%	645	225	-3.14	-12.23	0	0	.01	1.42	-2.09	0	4	0	1	-1	-1	1.0	107	1.03	8.4	7.4	45.0	46.0	16.4	17.4	30.2	29.2	1.10	0.96
133	000776	广发证券 点评	金融服务	13.91	-0.29%	823	17	-16.91	-18.32	-2486	-.03	-.03	-17.01	-1.92	-8.3	5	0	-.7	-7.6	1.4	6.9	107	0.85	5.0	5.7	44.2	51.8	19.9	18.5	30.9	24.0	0.36	1.57
134	002027	分众传媒 点评	商务服务	12.35	-0.32%	717	31	-16.61	-9.99	-997	-.01	.01	-1.26	6.76	-2.8	3	0	.8	-3.6	.1	2.7	101	1.03	3.3	2.5	46.0	49.6	20.9	20.8	29.8	27.1	0.50	0.60
135	600588	用友网络 点评	软件服务	24.15	-0.33%	452	-106	3.89	44.28	-4735	-.1	-.12	-36.64	7.91	-15.6	6	0	-1.6	-14	2.4	13.2	108	0.69	4.7	6.3	41.3	55.3	21.7	19.3	32.3	19.1	0.67	0.63
136	600535	天士力 点评	医药制造	26.70	-0.34%	288	19	-24.55	-26.61	91	0	0	.59	-11.46	.5	4	1	9.5	-9	-5	4.5	118	1.00	17.7	8.2	41.4	50.4	13.2	18.2	27.7	23.2	0.62	0.64
137	601607	上海医药 点评	零售业	24.50	-0.37%	471	17	-2.97	.41	-119	0	-.01	-13.19	-16.61	-.6	0	0	1.1	-1.7	-3.2	3.8	118	0.81	6.7	5.6	51.8	53.5	13.8	17.0	27.7	23.9	0.42	0.92
138	600050	中国联通 点评	信号传输	5.35	-0.37%	1134	31	-17.05	-23.13	-4360	-.04	-.04	-36.98	-8.02	-11.1	2	0	-12.4	1.3	.3	10.8	129	0.68	19.7	32.1	39.1	37.8	13.2	12.9	28.0	17.2	0.35	0.94
139	600705	中航资本 点评	其他金融	4.91	-0.41%	374	14	-10.73	-17.76	-771	-.02	-.02	-15.13	5.25	-7.5	3	0	1.6	-9.1	.9	6.6	106	0.87	11.0	9.4	38.1	47.2	19.2	18.3	31.7	25.1	0.28	0.85
140	601555	东吴证券 点评	金融服务	7.13	-0.42%	206	89	-15.22	-28.77	-230	-.01	-.01	-7.21	-6.97	-4.4	3	0	-1.7	-2.7	-2.3	6.7	102	0.95	0.0	1.7	48.8	51.5	17.9	20.2	33.3	26.6	0.25	1.02
141	600649	城投控股 点评	房地产业	6.72	-0.44%	163	10	-20.57	-24.75	-343	-.02	-.03	-15.88	4.8	-8	0	0	-2.4	-5.6	-1.4	9.4	87	0.84	0.0	2.4	39.4	45.0	18.1	19.5	42.5	33.1	0.26	0.87
142	002475	立讯精密 点评	电子设备	24.69	-0.44%	781	56	-1.56	.94	-530	-.01	-.01	-4.26	.49	-1.8	2	0	1.5	-3.3	-1	2.8	98	0.95	4.4	2.9	43.9	47.2	19.5	20.5	32.2	29.4	0.38	0.51
143	600276	恒瑞医药 点评	医药制造	75.95	-0.45%	2139	58	3.09	9.06	-8884	-.04	-.03	-16.78	-1.82	-8.2	3	0	.3	-8.5	4.1	4.1	126	0.87	19.2	18.9	39.5	48.0	21.1	17.0	20.2	16.1	0.51	0.58
144	600104	上汽集团 点评	汽车制造	36.53	-0.52%	4202	11	6.22	17.42	-1576	0	0	-5.8	-15.14	-2.1	6	0	-2.8	.7	1	1.1	153	0.95	38.8	41.6	36.5	35.8	10.2	9.2	14.5	13.4	0.18	1.45
145	000783	长江证券 点评	金融服务	5.78	-0.52%	320	24	-22.52	-31.19	-306	-.01	0	-5.14	-7.26	-3.4	2	0	-3.6	.2	-.6	4.0	90	0.96	1.6	5.2	41.7	41.5	21.4	22.0	35.3	31.3	0.28	0.98
146	000750	国海证券 点评	金融服务	3.77	-0.53%	159	31	-17.86	-25.93	-139	-.01	-.02	-9.26	-8.19	-2.8	2	0	2.3	-5.1	-2.7	5.5	90	0.87	9.8	7.5	34.0	39.1	16.6	19.3	39.6	34.1	0.31	0.92
147	601336	新华保险 点评	保险业	47.23	-0.55%	985	14	.7	-24.43	-4230	-.04	0	-15.49	-14.47	-4.6	0	0	-3.9	-.7	.6	4.0	139	0.86	22.1	26.0	45.0	45.7	16.4	15.8	16.5	12.5	0.93	0.87
148	300015	爱尔眼科 点评	卫生	29.95	-0.56%	364	55	23.72	58.46	-922	-.02	-.02	-5.73	2.4	-3.8	5	0	-2	-1.8	1.6	2.2	73	0.95	5.4	7.4	29.3	31.1	26.0	24.4	39.3	37.1	0.66	0.59
149	002558	巨人网络 点评	互联网	23.80	-0.58%	102	35	-27.92	-35.73	-656	-.06	.02	-4.99	-7.29	-7.7	7	0	1.7	-9.4	6.8	0.9	84	1.07	4.7	3.0	33.5	42.9	27.7	20.9	34.1	33.2	0.84	1.07
150	600010	包钢股份 点评	黑色金属	1.70	-0.58%	375	31	-27.66	-33.85	-4798	-.13	-.08	-42.93	.2	-14.9	1	0	-3.9	-11	1.7	13.2	126	0.66	25.6	29.5	29.9	40.9	19.7	18.0	24.8	11.6	0.86	1.32
151	600887	XD伊利股 点评	食品加工	29.63	-0.60%	1788	21	-12.05	-7.12	-31690	-.18	-.24	-75.16	-1.13	-18	5	0	-5.7	-12.3	2.6	15.4	136	0.48	12.8	18.5	46.1	58.4	14.3	11.7	26.8	11.4	0.99	0.93
152	000166	申万宏源 点评	金融服务	4.68	-0.64%	937	23	-7.14	-13.17	-462	0	0	-9.68	-6.24	-6.8	1	0	-.4	-6.4	.2	6.6	69	0.92	1.6	2.0	29.7	36.1	24.7	24.5	44.0	37.4	0.07	0.77
153	600066	宇通客车 点评	汽车制造	21.32	-0.65%	472	41	-9.55	-11.13	-1406	-.03	-.01	-26.52	-4.47	-22.4	4	0	-4.1	-18.3	5.5	16.9	89	0.91	3.9	8.0	29.5	47.8	21.4	15.9	45.2	28.3	0.13	0.43
154	600111	北方稀土 点评	有色金属	12.18	-0.65%	443	102	-4.47	-7.87	-2992	-.07	-.08	-16.87	-8.02	-5.8	4	0	-3.1	-2.7	.1	5.7	119	0.83	5.0	8.1	51.8	54.5	16.0	15.9	27.2	21.5	1.17	1.37
155	601985	中国核电 点评	电热供应	6.00	-0.66%	254	19	-17.24	-18.92	-728	-.03	-.04	-17.45	-5.98	-6.7	1	0	-2.4	-4.3	1.2	5.5	104	0.82	7.1	9.5	41.4	45.7	18.8	17.6	32.7	27.2	0.43	0.56
156	600009	上海机场 点评	航空运输	59.13	-0.67%	647	28	19.02	35.96	5188	.08	.05	18.67	-2.28	13.4	6	3	-5.3	18.7	0	-13.4	88	1.13	2.6	7.9	48.0	29.3	16.4	16.4	33.0	46.4	0.60	0.95
157	601608	中信重工 点评	专用设备	2.91	-0.68%	125	2425	-17.8	-29.71	-116	-.01	-.05	-31.78	-11.81	-5.5	1	0	4.8	-10.3	-4.7	10.2	79	0.54	4.8	0.0	31.8	42.1	19.5	24.2	43.9	33.7	0.17	0.86
158	601888	中国国旅 点评	商务服务	66.40	-0.70%	1296	28	25.76	53.92	869	.01	.03	15.08	-14.15	1.6	8	2	-4.7	6.3	.6	-2.2	140	1.21	18.3	23.0	52.5	46.2	13.4	12.8	15.8	18.0	0.42	0.81
159	000538	云南白药 点评	医药制造	105.50	-0.70%	1099	34	10.91	6.2	172	0	.01	4.86	-7.15	.6	5	2	-.4	1	-.6	0.0	112	1.08	7.7	8.1	48.6	47.6	18.1	18.7	25.6	25.6	0.26	0.90
160	601669	中国电建 点评	土木工程	5.51	-0.72%	614	11	-25.44	-25.64	-636	-.01	-.01	-20.56	18.06	-10	3	0	.4	-10.4	1.8	8.2	92	0.80	6.6	6.2	34.5	44.9	21.7	19.9	37.2	29.0	0.10	0.75
161	600196	复星医药 点评	医药制造	43.18	-0.76%	825	39	-3.08	-2.15	-8386	-.1	-.01	-41.26	-17.41	-15.3	0	0	-12.5	-2.8	7.4	7.9	137	0.69	9.4	21.9	51.3	54.1	20.0	12.6	19.3	11.4	0.67	0.74
162	600109	国金证券 点评	金融服务	7.70	-0.77%	233	21	-8.88	-24.14	-1668	-.07	-.06	-37.93	-12.63	-14.6	5	0	-2.8	-11.8	.6	14.0	121	0.69	4.6	7.4	48.5	60.3	17.0	16.4	29.9	15.9	0.49	1.48
163	002174	游族网络 点评	互联网	20.35	-0.78%	117	20	-7.2	-10.39	54	0	.05	4.79	1.26	1.4	7	1	0	1.4	2	-3.4	43	1.17	0.0	0.0	22.3	20.9	27.0	25.0	50.7	54.1	0.33	0.46
164	600023	浙能电力 点评	电热供应	4.99	-0.80%	679	31	-11.37	-8.1	-563	-.01	-.02	-34.05	-4.94	-14.1	2	0	1.3	-15.4	-5.9	20.0	78	0.62	1.3	0.0	30.9	46.3	20.1	26.0	47.7	27.7	0.06	0.99
165	300059	东方财富 点评	互联网	13.15	-0.83%	544	56	13.77	20.64	-874	-.02	0	-.39	-4	-.7	6	0	-.2	-.5	-.2	0.9	114	1.01	7.3	7.5	49.6	50.1	17.0	17.2	26.1	25.2	2.29	0.83
166	600663	陆家嘴 点评	房地产业	16.64	-0.83%	407	20	-3.2	-19.85	-587	-.01	0	-39.61	10.93	-22	0	0	-3.8	-18.2	-7	29.0	67	0.63	0.0	3.8	22.6	40.8	18.3	25.3	59.1	30.1	0.07	0.77
167	300017	网宿科技 点评	软件服务	10.20	-0.87%	164	28	-17.07	3.98	-290	-.02	.16	3.94	-3.79	-.6	2	0	1.4	-2	.5	0.1	92	1.10	4.0	2.6	41.8	43.8	20.6	20.1	33.6	33.5	2.97	1.30
168	600100	同方股份 点评	电子设备	10.07	-0.89%	298	-33	-2.42	-1.85	725	.02	.03	20.89	-11.68	7.3	8	3	-3.6	10.9	-3.7	-3.6	120	1.25	6.2	9.8	57.3	46.4	15.8	19.5	20.7	24.3	0.33	0.65
169	603799	华友钴业 点评	有色金属	98.12	-0.94%	575	17	-12.67	10.38	-17413	-.3	-.3	-55.14	-2.84	-18.8	5	0	-10	-8.8	6.1	12.7	129	0.59	9.6	19.6	45.5	54.3	21.1	15.0	23.8	11.1	1.60	0.93
170	002352	顺丰控股 点评	邮政业	45.82	-0.95%	409	50	-9.45	-10.56	-392	-.01	-.01	-5.04	-7.14	-2.7	4	0	4.8	-7.5	-1.2	3.9	76	0.94	7.3	2.5	29.6	37.1	19.8	21.0	43.3	39.4	0.35	0.94
171	600674	川投能源 点评	电热供应	9.40	-0.95%	414	12	1.95	-6	-1092	-.03	-.03	-35.17	2.32	-14.3	5	0	2.6	-16.9	7	7.3	111	0.70	7.5	4.9	40.9	57.8	26.4	19.4	25.2	17.9	0.18	0.90
172	600089	特变电工 点评	电气机械	7.23	-0.96%	269	13	-19.67	-25.31	-1884	-.07	-.05	-41.08	-16.13	-25.4	1	0	-9.9	-15.5	7.3	18.1	88	0.72	0.0	9.9	31.3	46.8	25.7	18.4	43.0	24.9	0.28	0.85
173	000100	TCL集团 点评	电子设备	3.05	-0.97%	358	14	-18.01	-25.06	-2363	-.07	-.07	-28.36	-4.96	-15.8	4	0	-5.9	-9.9	-.3	16.1	83	0.75	4.6	10.5	29.1	39.0	16.2	16.5	50.1	34.0	0.42	1.04
174	601211	国泰君安 点评	金融服务	16.41	-0.97%	777	16	-8.73	-14.17	-3448	-.04	-.02	-25.74	-8.18	-17.5	4	0	-5.5	-12	6	11.5	108	0.86	14.4	19.9	30.9	42.9	23.1	17.1	31.6	20.1	0.25	1.12
175	603833	欧派家居 点评	家具制造	142.00	-0.98%	127	197	.01	18.77	-198	-.02	-.02	-11.76	-39.18	-4.2	4	0	4	-8.2	1	3.2	127	0.89	19.7	15.7	41.5	49.7	15.9	14.9	22.9	19.7	0.37	0.49
176	600549	厦门钨业 点评	有色金属	21.37	-1.02%	231	192	-11.91	-9.76	-1720	-.08	-.1	-24.94	-21.67	-6	4	0	12.9	-18.9	0	6.0	139	0.76	35.3	22.4	31.0	49.9	13.2	13.2	20.5	14.5	1.24	1.82
177	601788	光大证券 点评	金融服务	11.55	-1.03%	451	18	-11.36	-19.29	-2069	-.04	-.03	-36.79	-1.12	-17.4	4	0	3.3	-20.7	3	14.4	127	0.74	11.2	7.9	43.5	64.2	15.0	12.0	30.3	15.9	0.26	1.32
178	002839	张家港行 点评	金融服务	6.63	-1.04%	55	13	-31.51	-37.8	-885	-.16	-.19	-12.52	4.44	-6.8	3	0	-2.3	-4.5	1.7	5.1	58	0.82	0.0	2.3	25.7	30.2	24.8	23.1	49.5	44.4	2.32	1.12
179	600518	康美药业 点评	医药制造	23.54	-1.05%	1037	20	11.2	9.03	-2220	-.02	0	-3.66	-8.37	-5.3	8	0	11.4	-16.7	2.9	2.4	138	1.02	25.0	13.6	41.3	58.0	16.2	13.3	17.5	15.1	0.40	0.88
180	600583	海油工程 点评	开采辅助	5.50	-1.08%	243	-17	-15.64	-7.25	-537	-.02	-.02	-16.18	-31.21	-7.5	3	0	-5.7	-1.8	10.9	-3.4	100	0.84	4.3	10.0	41.7	43.5	25.1	14.2	28.9	32.3	0.29	1.25
181	600795	国电电力 点评	电热供应	2.76	-1.08%	542	12	-8.31	-15.6	-1597	-.03	-.04	-59.62	-25.19	-17.8	1	0	-13.2	-4.6	3.1	14.7	124	0.54	12.8	26.0	40.3	44.9	14.9	11.8	32.0	17.3	0.17	1.15
182	000627	天茂集团 点评	保险业	7.33	-1.08%	99	26	-1.48	-18.37	-225	-.02	-.01	-6.46	-4.68	-5.6	4	0	0	-5.6	-1.7	7.3	53	0.97	0.0	0.0	23.5	29.1	22.9	24.6	53.6	46.3	0.41	0.59
183	601992	金隅集团 点评	非金属	3.56	-1.11%	290	-44	-3.26	-36.99	-911	-.03	-.01	-38.09	-9.84	-10.6	0	0	-9.6	-1	.9	9.7	105	0.61	10.1	19.7	37.1	38.1	16.2	15.3	36.6	26.9	0.29	1.17
184	002415	海康威视 点评	电子设备	38.02	-1.12%	3006	48	-9.58	-1.04	-1006	0	0	-3.46	-9.94	-1.5	7	0	1.5	-3	-2.3	3.8	114	0.97	4.6	3.1	51.8	54.8	16.2	18.5	27.4	23.6	0.22	0.98
185	002736	国信证券 点评	金融服务	9.72	-1.12%	797	30	-10.5	-15.48	-247	0	0	-4.12	-13.47	-6.7	6	0	0	-6.7	2.5	4.2	48	1.11	0.0	0.0	20.7	27.4	31.8	29.3	47.5	43.3	0.05	1.06
186	600153	建发股份 点评	批发业	10.40	-1.14%	295	13	-16.33	-3.17	-422	-.01	.01	-.2	-20.25	-4.5	5	0	4.4	-8.9	.5	4.0	114	1.08	9.9	5.5	44.9	53.8	16.5	16.0	28.7	24.7	0.32	0.91
187	600886	国投电力 点评	电热供应	7.70	-1.16%	523	13	11.43	5.62	12	0	.03	9.03	-10.84	.1	3	1	-4	4.1	-4.2	4.1	89	1.22	1.3	5.3	43.2	39.1	23.6	27.8	31.9	27.8	0.23	0.72
188	002081	金螳螂 点评	建筑装饰	10.98	-1.17%	281	13	-19.26	-27.33	1464	.05	.05	20.81	-31.6	11.1	5	1	3.7	7.4	-6.8	-4.3	96	1.22	8.8	5.1	44.6	37.2	13.0	19.8	33.6	37.9	0.47	1.07
189	601377	兴业证券 点评	金融服务	5.77	-1.20%	386	26	-16.13	-21.92	-2975	-.08	-.08	-63.77	-7	-22.3	1	0	-14.8	-7.5	3.2	19.1	120	0.54	5.0	19.8	44.1	51.6	17.8	14.6	33.1	14.0	0.34	0.90
190	601958	金钼股份 点评	金属采选	6.52	-1.21%	210	82	-7.25	-5.09	-802	-.04	-.06	-42.07	-9.19	-19	6	0	-3.7	-15.3	1.7	17.3	92	0.63	0.0	3.7	36.3	51.6	20.9	19.2	42.8	25.5	0.20	1.33
191	000630	铜陵有色 点评	有色金属	2.43	-1.22%	232	30	-12.59	-10.33	-1448	-.06	-.11	-32.66	-15.84	-15.4	2	0	-9.8	-5.6	-4.4	19.8	81	0.67	3.5	13.3	29.4	35.0	13.7	18.1	53.4	33.6	0.40	1.48
192	601021	春秋航空 点评	航空运输	39.72	-1.24%	318	22	18.67	6.43	-787	-.02	-.02	-11.11	-16.28	-6.7	5	0	1.1	-7.8	-1.7	8.4	100	0.92	5.5	4.4	41.2	49.0	13.0	14.7	40.3	31.9	0.37	1.14
193	600297	广汇汽车 点评	零售业	6.38	-1.24%	153	11	-13.2	-24.59	-501	-.03	-.06	-32.85	13.2	-11.3	7	0	-10.8	-.5	-9.6	20.9	100	0.66	8.6	19.4	35.7	36.2	13.8	23.4	41.9	21.0	0.29	0.87
194	002508	老板电器 点评	电气机械	36.00	-1.26%	333	28	-18.99	-24.31	1271	.04	.03	7.57	-8.74	4.6	6	2	0	4.6	-5.1	0.5	75	1.08	2.3	2.3	37.4	32.8	19.5	24.6	40.8	40.3	0.83	0.71
195	002841	视源股份 点评	电子设备	55.78	-1.27%	36	44	29.29	21.94	7	0	.06	1.78	-9.96	.2	3	1	0	.2	2.9	-3.1	42	1.08	0.0	0.0	21.1	20.9	18.3	15.4	60.6	63.7	0.94	0.70
196	600030	中信证券 点评	金融服务	18.43	-1.29%	1809	21	-2.07	1.6	-15553	-.08	-.01	-41.34	-8.53	-12.7	0	0	-14.4	1.7	2.6	10.1	140	0.68	17.1	31.5	46.5	44.8	15.1	12.5	21.3	11.2	0.67	1.24
197	000423	东阿阿胶 点评	医药制造	56.80	-1.29%	371	15	-6.35	-5.96	-693	-.02	-.04	-9.2	-9.64	-3.3	4	0	3.2	-6.5	-1.3	4.6	94	0.88	4.9	1.7	40.2	46.7	18.1	19.4	36.8	32.2	0.57	1.00
198	000686	东北证券 点评	金融服务	6.80	-1.31%	159	28	-15.42	-25.03	-330	-.02	-.07	-19.99	-15.01	-4.9	4	0	-.3	-4.6	-.3	5.2	91	0.73	6.7	7.0	36.6	41.2	19.2	19.5	37.5	32.3	0.42	1.01
199	601333	广深铁路 点评	铁路运输	4.44	-1.33%	251	18	-2.42	-16.7	272	.01	0	2.85	-19.22	3.8	1	1	-5.3	9.1	-3.6	-0.2	119	0.98	1.8	7.1	59.6	50.5	15.8	19.4	22.8	23.0	0.28	0.98
200	000898	鞍钢股份 点评	黑色金属	6.52	-1.36%	401	7	-1.21	2.52	-131	0	0	-.28	-7.96	-.8	0	0	-1.4	.6	-1.4	2.2	87	1.01	2.5	3.9	40.5	39.9	19.6	21.0	37.4	35.2	0.41	0.98
201	000858	五粮液 点评	饮料制造	83.25	-1.37%	3160	16	9.4	11.46	-4409	-.01	0	-1.48	-4.83	-2.2	5	0	-.9	-1.3	2.1	0.1	113	1.01	8.8	9.7	46.7	48.0	23.8	21.7	20.7	20.6	0.63	0.71
202	601866	中远海发 点评	水上运输	2.75	-1.43%	218	29	-3.17	-22.54	-574	-.03	-.01	-57.78	9.28	-22	0	0	-8.6	-13.4	-3.1	25.1	79	0.47	0.0	8.6	28.5	41.9	16.2	19.3	55.3	30.2	0.12	1.38
203	601018	宁波港 点评	水上运输	4.68	-1.47%	599	20	-13.49	-17.17	-1103	-.02	-.03	-67.53	3.01	-34.6	5	0	-7.4	-27.2	1.4	33.2	63	0.46	0.0	7.4	14.3	41.5	28.0	26.6	57.7	24.5	0.05	0.73
204	601877	XD正泰电 点评	电气机械	22.62	-1.52%	385	20	-4.11	-6.8	2315	.06	.02	14.36	-14.56	8.9	6	3	10.8	-1.9	-6.8	-2.1	141	1.08	36.4	25.6	38.5	40.4	8.9	15.7	16.2	18.3	0.68	1.55
205	300124	汇川技术 点评	电气机械	32.70	-1.54%	401	68	5.48	16.16	-397	-.01	-.02	-3.64	-9.32	-1.4	5	0	1.9	-3.3	-1.1	2.5	96	0.95	3.7	1.8	43.8	47.1	18.1	19.2	34.4	31.9	0.70	1.20
206	600118	中国卫星 点评	电子设备	19.59	-1.56%	232	98	-7.24	-25.57	-1549	-.07	-.08	-40.33	-7.83	-17	4	0	-3.9	-13.1	1.6	15.4	96	0.64	0.5	4.4	39.2	52.3	19.9	18.3	40.4	25.0	0.39	1.15
207	603858	步长制药 点评	医药制造	48.10	-1.62%	158	40	-3.97	-7	-3373	-.21	-.23	-42.05	-14.32	-19.9	1	0	-7.9	-12	3.5	16.4	90	0.64	0.0	7.9	35.3	47.3	28.8	25.3	35.9	19.5	1.07	0.72
208	600739	辽宁成大 点评	批发业	15.02	-1.64%	230	39	-14.02	-13.18	-591	-.03	-.02	-18.64	-16.47	-12.1	3	0	0	-12.1	-3.8	15.9	104	0.88	0.0	0.0	45.8	57.9	16.1	19.9	38.1	22.2	0.21	0.86
209	002008	大族激光 点评	专用设备	55.82	-1.64%	554	41	1.68	2.89	-938	-.02	-.03	-3.18	-4.55	-1.5	8	0	1.7	-3.2	-2.9	4.4	86	0.96	3.9	2.2	38.6	41.8	22.6	25.5	34.9	30.5	1.12	0.62
210	300027	华谊兄弟 点评	文体传媒	6.46	-1.67%	124	18	-35.01	-28.38	-2412	-.19	-.22	-14.32	3.04	-7.5	2	0	0	-7.5	1.2	6.3	81	0.85	0.8	0.8	35.8	43.3	24.0	22.8	39.4	33.1	2.59	0.93
211	002007	华兰生物 点评	医药制造	32.40	-1.70%	260	36	21.3	15.38	-2551	-.1	-.01	-8.82	3.03	-8	3	0	-2.1	-5.9	4.4	3.6	104	0.98	2.0	4.1	45.9	51.8	23.4	19.0	28.7	25.1	1.22	0.78
212	600271	航天信息 点评	电子设备	25.07	-1.72%	463	125	25.48	9.86	-6844	-.15	-.17	-39.69	-9.08	-14.2	8	0	-8.1	-6.1	6.4	7.8	123	0.67	4.6	12.7	49.9	56.0	21.9	15.5	23.6	15.8	1.05	1.36
213	601966	XD玲珑轮 点评	橡胶塑料	16.42	-1.74%	65	22	-13.81	-1.56	-1224	-.19	-.15	-29.31	-8.51	-19.4	4	0	-1.8	-17.6	6.2	13.2	83	0.79	0.0	1.8	31.9	49.5	26.2	20.0	41.9	28.7	0.98	1.12
214	000725	京东方A 点评	电子设备	3.91	-1.76%	1324	17	-3.69	-32.59	-12466	-.09	-.01	-14.12	3.82	-8.5	0	0	-5.4	-3.1	.6	7.9	99	0.89	11.5	16.9	33.9	37.0	14.3	13.7	40.3	32.4	1.10	1.17
215	002594	比亚迪 点评	汽车制造	48.18	-1.77%	548	602	-3.7	-24.32	-1916	-.04	0	-10.25	-13.68	-8	0	0	.2	-8.2	2.7	5.3	82	0.95	3.2	3.0	33.8	42.0	26.2	23.5	36.8	31.5	0.43	1.10
216	002714	牧原股份 点评	畜牧业	48.81	-1.79%	291	102	1.16	-8.6	-989	-.03	-.02	-9.2	-17.4	-6.2	1	0	-4.6	-1.6	4.2	2.0	96	0.94	2.9	7.5	42.2	43.8	27.5	23.3	27.4	25.4	0.55	1.73
217	601718	际华集团 点评	纺织服装	4.38	-1.79%	192	27	-19.19	-37.16	-422	-.02	-.02	-13.38	-14.93	-8.7	4	0	-2.1	-6.6	7.8	0.9	75	0.88	0.0	2.1	33.3	39.9	30.5	22.7	36.2	35.3	0.25	0.86
218	000895	双汇发展 点评	食品加工	27.27	-1.80%	900	21	5.13	6.9	654	.01	.02	5.63	-2.46	2.5	7	2	1	1.5	-.7	-1.8	73	1.09	2.8	1.8	35.0	33.5	20.3	21.0	41.9	43.7	0.29	0.65
219	000623	吉林敖东 点评	医药制造	18.36	-1.82%	201	16	-11.94	-16.36	-445	-.02	-.01	-6.49	-26.55	-5	5	0	0	-5	-.5	5.5	72	0.96	0.0	0.0	33.6	38.6	26.7	27.2	39.7	34.2	0.44	1.14
220	000413	东旭光电 点评	电子设备	7.03	-1.82%	287	25	-2.23	-27	-3674	-.13	-.01	-10.11	-8.58	-5.9	0	0	.8	-6.7	1.2	4.7	99	0.92	7.4	6.6	39.2	45.9	18.9	17.7	34.5	29.8	2.20	2.26
221	000425	徐工机械 点评	专用设备	4.24	-1.85%	297	15	-1.17	4.43	-1145	-.04	.07	.88	-17.58	-3.5	0	0	-4.7	1.2	2.7	0.8	82	1.11	3.1	7.8	36.0	34.8	24.8	22.1	36.1	35.3	1.09	1.05
222	601186	中国铁建 点评	土木工程	8.94	-1.87%	1028	9	-2.83	-22.46	-6840	-.07	-.01	-51.94	1.8	-15.4	0	0	-12.7	-2.7	7.1	8.3	137	0.61	9.6	22.3	51.3	54.0	18.1	11.0	21.0	12.7	0.43	2.37
223	603993	洛阳钼业 点评	金属采选	6.83	-1.87%	885	24	-3.94	0	-6565	-.07	-.02	-47.15	5.68	-10.7	0	0	-15.4	4.7	-.3	11.0	125	0.58	7.9	23.3	49.2	44.5	13.6	13.9	29.3	18.3	0.69	1.44
224	600390	五矿资本 点评	其他金融	8.34	-1.88%	43	15	-23.35	-30.5	-589	-.14	-.25	-50.72	-20.73	-20.2	3	0	-8.2	-12	0	20.2	78	0.51	0.0	8.2	28.7	40.7	28.5	28.5	42.8	22.6	0.68	1.03
225	601198	东兴证券 点评	金融服务	14.93	-1.91%	412	37	8.9	-5.63	-5735	-.14	-.1	-31.55	-2.85	-14.9	2	0	-10.7	-4.2	4.7	10.2	119	0.76	5.8	16.5	46.3	50.5	20.5	15.8	27.4	17.2	0.92	1.31
226	601633	长城汽车 点评	汽车制造	10.29	-1.91%	620	11	-3.47	-12.87	-803	-.01	0	-49.13	-2.3	-27.4	0	0	-3.5	-23.9	-9.1	36.5	63	0.56	0.0	3.5	17.9	41.8	16.9	26.0	65.2	28.7	0.05	1.03
227	600893	XD航发动 点评	运输设备	23.16	-1.95%	451	-193	-11.64	-19.61	-2380	-.05	-.08	-51.76	-3.55	-20.7	6	0	-8.5	-12.2	-.8	21.5	98	0.57	3.0	11.5	35.8	48.0	19.7	20.5	41.5	20.0	0.25	1.17
228	600820	隧道股份 点评	土木工程	6.33	-2.01%	199	13	-17.04	-25.18	-1307	-.06	-.06	-38.38	-26.32	-18.9	5	0	-7	-11.9	-5.7	24.6	94	0.68	0.0	7.0	37.4	49.3	22.1	27.8	40.5	15.9	0.34	1.17
229	002241	歌尔股份 点评	电子设备	11.12	-2.03%	303	46	-26.6	-37.25	308	.01	.24	16.52	-25.13	1.2	6	3	-1.7	2.9	1	-2.2	71	1.52	0.6	2.3	35.3	32.4	21.5	20.5	42.6	44.8	0.84	0.79
230	000792	盐湖股份 点评	化学制品	11.99	-2.04%	330	-31	-5.44	-8.54	-429	-.01	0	-2.72	-15.2	-2.1	5	0	.6	-2.7	-1.3	3.4	100	0.99	3.1	2.5	45.8	48.5	20.0	21.3	31.1	27.7	0.62	1.35
231	600415	小商品城 点评	商务服务	4.74	-2.07%	258	9	-12.06	-22.55	-816	-.03	-.04	-44.41	-12.51	-16.4	3	0	-5.9	-10.5	1.5	14.9	97	0.59	4.4	10.3	35.9	46.4	22.1	20.6	37.6	22.7	0.19	1.26
232	300122	智飞生物 点评	医药制造	44.36	-2.16%	386	68	51.14	53.23	-459	-.01	.06	2.11	-14.69	-1	7	0	-1.9	.9	1.7	-0.7	85	1.08	4.4	6.3	37.4	36.5	29.1	27.4	29.1	29.8	1.17	0.76
233	300033	同花顺 点评	软件服务	42.92	-2.17%	113	77	-11.51	-12.68	-1104	-.1	-.05	-13.91	-10.79	-9.7	4	0	-9.3	-.4	4.7	5.0	93	0.91	3.9	13.2	37.6	38.0	23.6	18.9	34.9	29.9	0.99	1.25
234	600372	中航电子 点评	运输设备	11.73	-2.17%	206	-86	-11.8	-18.14	-1061	-.05	-.12	-48.21	-1.89	-18.1	3	0	-7.5	-10.6	-1.2	19.3	80	0.52	0.0	7.5	31.0	41.6	18.7	19.9	50.3	31.0	0.28	1.01
235	600827	百联股份 点评	零售业	10.50	-2.23%	162	15	-7.57	-23.97	-1666	-.1	-.01	-69.98	-3.43	-26.6	0	0	-10.5	-16.1	3.5	23.1	109	0.50	0.0	10.5	41.1	57.2	19.2	15.7	39.7	16.6	0.38	0.92
236	600637	东方明珠 点评	信号传输	15.72	-2.24%	391	22	2.14	-8.98	-3462	-.09	-.09	-77.96	-29.11	-24.4	5	0	-7.4	-17	5.3	19.1	123	0.48	15.0	22.4	34.3	51.3	17.4	12.1	33.3	14.2	0.36	1.06
237	300315	掌趣科技 点评	互联网	4.37	-2.24%	117	22	-33.28	-27.65	-1036	-.09	-.2	-20.96	5.72	-10.1	3	0	-3.5	-6.6	-1.2	11.3	61	0.71	0.0	3.5	25.3	31.9	22.8	24.0	51.9	40.6	0.87	0.78
238	600959	江苏有线 点评	信号传输	5.58	-2.28%	217	46	-26.39	-34.89	-298	-.01	-.06	-48.46	-2.7	-8.2	1	0	0	-8.2	-2.4	10.6	96	0.48	0.0	0.0	43.9	52.1	20.2	22.6	35.9	25.3	0.17	1.46
239	002236	大华股份 点评	电子设备	22.57	-2.29%	384	56	-22.71	-5.76	-735	-.02	.03	.84	-14.53	-2.1	4	0	-.1	-2	1.1	1.0	97	1.06	6.0	6.1	41.3	43.3	18.3	17.2	34.4	33.4	0.91	0.78
240	601099	太平洋 点评	金融服务	2.55	-2.30%	165	638	-16.94	-32.36	-1579	-.1	-.12	-52.99	-19.48	-15.5	2	0	-2	-13.5	.5	15.0	121	0.57	12.3	14.3	40.2	53.7	13.5	13.0	34.0	19.0	0.62	1.61
241	600958	东方证券 点评	金融服务	10.47	-2.33%	543	44	-22.44	-30.71	-2990	-.05	-.05	-55.85	-10.52	-27.9	3	0	-5.9	-22	5.1	22.8	98	0.60	2.0	7.9	32.9	54.9	19.9	14.8	45.2	22.4	0.19	1.12
242	600837	海通证券 点评	金融服务	9.86	-2.38%	798	16	-4.27	-28.13	-18111	-.22	-.02	-74.73	5.52	-17.1	0	0	-15.3	-1.8	7.9	9.2	151	0.51	14.7	30.0	52.3	54.1	15.7	7.8	17.3	8.1	1.32	2.26
243	002608	江苏国信 点评	电热供应	6.98	-2.38%	38	12	-22.87	-33.71	-3	0	.03	.92	-20.13	-.2	5	0	0	-.2	1	-0.8	22	1.11	0.0	0.0	10.9	11.1	18.7	17.7	70.4	71.2	0.34	0.74
244	600816	安信信托 点评	其他金融	7.77	-2.39%	233	10	-23.07	-27.55	-1678	-.07	-.08	-41.57	-4.15	-20	3	0	2.3	-22.3	-3	23.0	73	0.59	2.3	0.0	24.3	46.6	24.0	27.0	49.4	26.4	0.36	1.11
245	600085	同仁堂 点评	医药制造	36.69	-2.52%	503	40	11.86	13.66	-3037	-.06	-.11	-28.67	-22.58	-8.6	3	0	-10.1	1.5	-2	10.6	120	0.72	6.9	17.0	49.0	47.5	13.2	15.2	30.9	20.3	0.70	1.12
246	002044	美年健康 点评	卫生	21.85	-2.54%	240	-137	-4.59	4.05	2116	.09	.08	19.72	-20.21	10.1	6	1	.9	9.2	-3.9	-6.2	107	1.19	5.0	4.1	53.8	44.6	16.9	20.8	24.3	30.5	0.87	0.82
247	600895	张江高科 点评	综合	12.30	-2.54%	190	19	.9	-18.38	-1038	-.05	-.07	-48.36	-29.15	-20.2	5	0	1.8	-22	-.6	20.8	94	0.58	6.2	4.4	30.7	52.7	19.5	20.1	43.6	22.8	0.27	0.79
248	601989	中国重工 点评	运输设备	4.19	-2.56%	769	81	-25.58	-30.63	-2943	-.04	-.06	-39.42	-5.65	-10.7	3	0	-6.1	-4.6	.7	10.0	108	0.61	8.6	14.7	40.0	44.6	21.8	21.1	29.6	19.6	0.35	1.14
249	601216	君正集团 点评	化学制品	3.73	-2.61%	315	10	-21.64	-20.81	-2064	-.06	-.09	-53.12	-1.97	-17.9	2	0	-9	-8.9	.5	17.4	106	0.55	4.1	13.1	39.8	48.7	16.6	16.1	39.5	22.1	0.36	1.18
250	002385	大北农 点评	食品加工	5.21	-2.62%	118	30	-15.83	-15.01	-419	-.04	.13	6.1	-38.51	-5.7	4	0	-.3	-5.4	2.2	3.5	68	1.41	6.4	6.7	24.8	30.2	23.8	21.6	45.0	41.5	0.62	1.25
251	000060	中金岭南 点评	有色金属	5.50	-2.65%	182	16	-17	-18.24	-877	-.05	-.04	-15.37	-15.05	-7.9	4	0	2.9	-10.8	1.1	6.8	93	0.85	7.0	4.1	35.5	46.3	21.4	20.3	36.1	29.3	0.60	1.40
252	601163	三角轮胎 点评	橡胶塑料	14.80	-2.76%	42	31	-17.78	-28.29	-1045	-.25	-.44	-59.26	-11.94	-23.6	6	0	-4.1	-19.5	-.8	24.4	78	0.47	0.0	4.1	27.2	46.7	23.9	24.7	48.9	24.5	1.05	1.26
253	600038	中直股份 点评	运输设备	39.04	-2.79%	230	81	-.91	-17.57	-1151	-.05	-.16	-37.93	4.19	-4.1	7	0	3.3	-7.4	-.5	4.6	147	0.64	28.5	25.2	42.8	50.2	9.9	10.4	18.8	14.2	1.20	2.15
254	000876	新希望 点评	食品加工	6.60	-2.80%	275	12	-13.16	-12	-1137	-.04	0	-7.81	-24.86	-8.1	1	0	1.8	-9.9	1.2	6.9	96	1.01	12.7	10.9	31.1	41.0	20.0	18.8	36.2	29.3	0.50	1.87
255	600909	华安证券 点评	金融服务	6.21	-2.82%	168	39	-16.31	-16.19	-2154	-.13	-.14	-69.07	-10.79	-28.4	3	0	-23.7	-4.7	5.6	22.8	100	0.50	3.3	27.0	32.6	37.3	20.9	15.3	43.2	20.4	0.45	1.43
256	000938	紫光股份 点评	电子设备	63.71	-2.87%	131	67	4.75	-6.71	105	.01	.15	6.86	-24.72	.5	8	2	.1	.4	-.1	-0.4	83	1.16	2.2	2.1	39.5	39.1	24.5	24.6	33.8	34.2	1.58	1.31
257	600018	上港集团 点评	水上运输	6.08	-2.88%	1384	21	-18.72	-17.17	-2869	-.02	-.02	-40.83	-9	-15.2	6	0	-15.7	.5	4.1	11.1	116	0.66	1.2	16.9	49.4	48.9	18.4	14.3	31.0	19.9	0.14	2.18
258	603160	汇顶科技 点评	电子设备	69.21	-2.92%	159	433	-18.03	-35.25	-2426	-.15	-.17	-45.33	-11.23	-20.9	5	0	-1.8	-19.1	1.8	19.1	88	0.60	1.5	3.3	31.9	51.0	24.3	22.5	42.3	23.2	0.73	1.16
259	000826	启迪桑德 点评	生态环境	18.81	-2.99%	160	17	-34.98	-46.07	-220	-.01	0	-2.9	-27.91	-2.4	1	0	3	-5.4	-.6	3.0	82	0.99	3.4	0.4	36.4	41.8	21.4	22.0	38.8	35.8	0.57	1.04
260	002074	国轩高科 点评	电气机械	13.74	-3.03%	131	25	-34.54	-37.23	461	.04	-.05	-.22	-13.59	2.4	6	1	0	2.4	-5.2	2.8	72	0.93	1.7	1.7	35.6	33.2	23.0	28.2	39.7	36.9	1.46	1.30
261	300070	碧水源 点评	生态环境	14.51	-3.07%	291	73	-10.04	-15.15	219	.01	.05	4.05	-17.21	.6	5	1	-1.1	1.7	4.4	-5.0	89	1.08	3.4	4.5	41.5	39.8	22.4	18.0	32.7	37.7	1.25	1.64
262	002153	石基信息 点评	软件服务	27.30	-3.12%	132	114	-2.5	-8.48	619	.05	.1	4.72	-11.65	2.3	6	2	.9	1.4	-.8	-1.5	76	1.07	3.8	2.9	35.4	34.0	23.0	23.8	37.8	39.3	2.03	0.92
263	600704	物产中大 点评	批发业	5.59	-3.12%	75	8	-16.44	-21.71	-2164	-.29	-.1	-30.94	-17.48	-22.9	4	0	-10.5	-12.4	2.9	20.0	103	0.86	3.2	13.7	36.8	49.2	20.9	18.0	39.1	19.1	1.27	2.35
264	600233	圆通速递 点评	邮政业	15.11	-3.14%	118	34	-3.08	-11.43	-1086	-.09	-.14	-36.89	-16.36	-17.3	4	0	-1.8	-15.5	3.7	13.6	84	0.65	0.0	1.8	33.2	48.7	21.8	18.1	45.0	31.4	0.53	1.02
265	600999	招商证券 点评	金融服务	14.54	-3.20%	713	27	-16.53	-18.59	-4869	-.07	-.06	-58.62	-2.38	-27.6	5	0	-2.2	-25.4	3.4	24.2	107	0.59	3.4	5.6	36.2	61.6	19.9	16.5	40.5	16.3	0.24	1.66
266	300136	信维通信 点评	电子设备	33.30	-3.23%	248	39	-17.16	-34.92	-1117	-.04	0	-3.14	-25.24	-3.1	8	0	-.4	-2.7	1.2	1.9	89	1.00	3.7	4.1	39.1	41.8	21.1	19.9	36.1	34.2	1.43	1.04
267	600436	片仔癀 点评	医药制造	105.77	-3.27%	638	49	42.7	66.91	-6868	-.11	-.2	-32.47	-5.84	-8.3	3	0	-2.2	-6.1	.7	7.6	141	0.72	20.6	22.8	46.0	52.1	13.5	12.8	19.9	12.3	1.30	1.38
268	000768	中航飞机 点评	运输设备	14.61	-3.31%	404	373	-1.15	-16.61	596	.02	.05	8.36	-18.91	2.2	7	2	2	.2	-3.9	1.7	95	1.14	7.7	5.7	40.8	40.6	18.6	22.5	32.9	31.2	0.66	1.50
269	000963	华东医药 点评	零售业	47.27	-3.33%	410	17	-16.7	-1.46	-32	0	.03	2.48	-24.42	-.1	5	0	-2	1.9	-.8	0.9	75	1.07	3.6	5.6	34.0	32.1	24.4	25.2	38.0	37.1	0.77	0.90
270	601012	隆基股份 点评	非金属	16.03	-3.38%	317	15	-35.21	-38.4	-2709	-.08	-.05	-13.02	-11.38	-4.8	8	0	-7.6	2.8	3.5	1.3	119	0.87	4.3	11.9	52.6	49.8	22.4	18.9	20.7	19.4	1.77	0.87
271	002555	三七互娱 点评	互联网	12.24	-3.39%	142	16	-38.49	-43.41	-253	-.02	-.05	-8.13	-15.48	-2.3	5	0	2.1	-4.4	-4.4	6.7	71	0.85	6.7	4.6	27.9	32.3	20.0	24.4	45.4	38.7	0.76	1.25
272	601375	中原证券 点评	金融服务	5.07	-3.43%	91	42	-20.9	-17.02	-2246	-.24	-.28	-74.39	-15.72	-32.1	3	0	-16.3	-15.8	6.6	25.5	86	0.46	0.0	16.3	27.1	42.9	23.8	17.2	49.1	23.6	0.75	1.45
273	002426	胜利精密 点评	电子设备	3.60	-3.49%	75	20	-34.07	-38.67	295	.04	.15	16.22	-18.65	4.6	2	1	0	4.6	-1.3	-3.3	69	1.39	0.0	0.0	36.6	32.0	22.5	23.8	40.9	44.2	0.84	0.90
274	600352	浙江龙盛 点评	化学制品	12.10	-3.51%	394	10	-4.57	2.89	-7962	-.2	-.16	-33.93	-10.32	-10.7	4	0	-10.1	-.6	1.8	8.9	146	0.73	16.2	26.3	51.3	51.9	13.0	11.2	19.5	10.6	1.87	1.14
275	600332	白云山 点评	医药制造	40.10	-3.70%	430	18	-8.76	24.77	-5101	-.12	-.01	-13.09	-5.53	-6.8	0	0	-7.2	.4	2.9	3.9	145	0.92	22.4	29.6	46.5	46.1	13.9	11.0	17.2	13.3	1.74	1.09
276	600522	中天科技 点评	电气机械	9.57	-3.72%	261	16	-23.56	-38.73	-11220	-.42	-.42	-76.72	-16.36	-21.7	7	0	3.9	-25.6	5.4	16.3	123	0.47	21.5	17.6	29.2	54.8	19.6	14.2	29.7	13.4	1.95	2.05
277	002424	贵州百灵 点评	医药制造	12.40	-3.80%	91	28	-3.88	-20.46	56	.01	.17	5.92	-30.44	.5	3	1	0	.5	-2.8	2.3	61	1.19	0.0	0.0	30.8	30.3	21.4	24.2	47.8	45.5	1.22	1.49
278	601881	中国银河 点评	金融服务	8.91	-3.88%	109	22	-13.07	-19.8	-5110	-.46	-.41	-86.49	-15.57	-33.9	2	0	-19.3	-14.6	10.4	23.5	103	0.44	0.2	19.5	34.4	49.0	27.3	16.9	38.1	14.6	1.35	1.37
279	600977	中国电影 点评	文体传媒	16.16	-3.92%	91	22	-6.54	5.48	-5571	-.61	-.71	-56.41	-21.2	-20.3	4	0	-8.3	-12	4.6	15.7	117	0.57	1.6	9.9	46.6	58.6	19.9	15.3	31.9	16.2	3.00	1.29
280	300144	宋城演艺 点评	文体传媒	22.95	-3.97%	265	26	18.67	29.01	-818	-.03	-.02	-3.2	-12.63	-2.5	5	0	1.2	-3.7	.5	2.0	82	0.98	3.3	2.1	36.2	39.9	24.6	24.1	35.9	33.9	1.22	1.11
281	600498	烽火通信 点评	电子设备	25.23	-4.00%	260	49	-9.6	-21.38	-10774	-.41	-.45	-87.33	-10.29	-22.9	8	0	-12.4	-10.5	3.4	19.5	130	0.44	8.8	21.2	44.8	55.3	17.3	13.9	29.1	9.6	1.79	1.57
282	000839	中信国安 点评	信号传输	6.01	-4.15%	236	132	-25.43	-33.88	-305	-.01	.03	2.36	-38.66	-2	3	0	-2.4	.4	-2	4.0	79	1.12	0.0	2.4	38.7	38.3	21.7	23.7	39.6	35.6	0.63	0.61
283	002065	东华软件 点评	软件服务	8.86	-4.22%	247	52	8.05	-1.45	-1114	-.04	0	-2.06	-8.81	-2.2	7	0	.7	-2.9	.2	2.0	87	1.00	4.6	3.9	37.7	40.6	24.7	24.5	33.0	31.0	2.03	1.05
284	000559	万向钱潮 点评	汽车制造	7.21	-4.25%	198	20	-17.13	-25.28	-572	-.03	-.03	-13.91	-13.51	-8.9	2	0	-4.5	-4.4	-2.5	11.4	66	0.86	4.0	8.5	24.3	28.7	20.8	23.3	50.9	39.5	0.32	1.67
285	000738	航发控制 点评	运输设备	12.97	-4.35%	149	64	-6.08	-21.54	-808	-.05	-.02	-10.48	-3.24	-8.7	8	0	-2.2	-6.5	-1.2	9.9	72	0.95	1.6	3.8	30.3	36.8	22.0	23.2	46.1	36.2	0.62	1.42
286	600547	山东黄金 点评	金属采选	26.93	-4.40%	391	35	2.55	-10.59	-9856	-.25	-.3	-55.09	-8.43	-14.7	1	0	-5.3	-9.4	1.8	12.9	134	0.57	12.7	18.0	46.9	56.3	15.5	13.7	24.9	12.0	1.70	1.81
287	600570	恒生电子 点评	软件服务	53.06	-4.43%	328	147	13.11	8.53	-13596	-.41	-.55	-66.15	-13.03	-15.8	5	0	-12.1	-3.7	3.8	12.0	144	0.53	13.3	25.4	51.0	54.7	14.8	11.0	20.9	8.9	2.60	1.76
288	600489	中金黄金 点评	金属采选	7.94	-4.57%	274	99	-9.05	-18.06	-8682	-.31	-.35	-87.83	-2.86	-30.9	1	0	-7.6	-23.3	6.2	24.7	107	0.43	4.5	12.1	33.5	56.8	21.8	15.6	40.2	15.5	1.02	1.97
289	600373	中文传媒 点评	文体传媒	14.21	-4.89%	196	11	-9.38	-17.96	-1025	-.05	.02	-3.38	-6.07	-5.2	5	0	-3.8	-1.4	2.9	2.3	102	1.04	8.2	12.0	40.4	41.8	23.7	20.8	27.7	25.4	1.01	2.16
290	002294	信立泰 点评	医药制造	39.56	-4.93%	414	25	5.38	-4.33	-1666	-.04	0	-5.38	-26.54	-4.9	2	0	-3.8	-1.1	1.7	3.2	90	0.99	5.9	9.7	36.4	37.5	23.0	21.3	34.7	31.5	0.81	1.77
291	002465	海格通信 点评	电子设备	8.07	-5.06%	151	202	-19.38	-8.81	-716	-.05	-.02	-3.99	-15.54	-3	7	0	1.3	-4.3	-2.4	5.4	74	0.97	2.9	1.6	32.6	36.9	26.5	28.9	38.0	32.6	1.55	1.26
292	600804	鹏博士 点评	互联网	12.81	-5.53%	183	53	-4.62	-32.04	-2260	-.12	-.02	-14.28	-8.42	-10.4	0	0	-3.1	-7.3	3.8	6.6	127	0.94	7.5	10.6	50.7	58.0	18.7	14.9	23.1	16.5	1.17	1.22
293	601878	浙商证券 点评	金融服务	10.01	-5.57%	33	42	-25.41	-37.55	-4479	-1.32	-1.39	-70.04	-6.17	-28.4	4	0	-11.3	-17.1	4	24.4	95	0.48	3.6	14.9	29.6	46.7	22.7	18.7	44.1	19.7	4.64	1.98
294	002024	苏宁易购 点评	零售业	14.56	-5.58%	735	306	16.67	16.48	470	.01	.03	2.45	-17.54	.4	7	1	.9	-.5	-.6	0.2	116	1.04	10.3	9.4	48.1	48.6	16.3	16.9	25.3	25.1	1.56	1.34
295	000503	国新健康 点评	互联网	35.01	-5.99%	315	-134	10.09	-12.85	-2063	-.06	-.04	-11.22	-14.37	-5.2	2	0	-3.2	-2	1.4	3.8	124	0.91	6.1	9.3	53.3	55.3	17.5	16.1	23.1	19.3	1.24	1.40
296	601212	白银有色 点评	有色金属	4.55	-6.57%	89	232	-25.04	-30.64	-2440	-.27	-.42	-50.95	-7.9	-20.8	3	0	-7.8	-13	.1	20.7	76	0.51	0.0	7.8	27.6	40.6	22.3	22.2	50.1	29.4	1.30	1.90
297	600685	中船防务 点评	运输设备	13.76	-7.03%	113	201	-10.53	-48.39	-2646	-.23	-.04	-57.22	-20.58	-21.8	0	0	.1	-21.9	5.1	16.7	106	0.55	1.6	1.5	40.5	62.4	22.1	17.0	35.8	19.1	1.05	1.87
298	300072	三聚环保 点评	化学制品	23.28	-9.63%	323	18	-32.03	-36.24	-1856	-.06	-.03	-6.4	-11.52	-3.5	5	0	-.6	-2.9	.7	2.8	104	0.95	5.3	5.9	45.0	47.9	21.2	20.5	28.5	25.7	1.60	3.39
299	002411	必康股份 点评	医药制造	28.34	-10.00%	83	50	12.5	7.59	-835	-.1	-.13	-256.29	99.98	-34.2	2	0	-67.1	32.9	10.8	23.4	146	0.18	12.0	79.1	43.8	10.9	15.0	4.2	29.2	5.8	0.29	0.21
300	000063	中兴通讯 点评	电子设备	22.82	-10.02%	784	14	-27.12	-40.4	-985	-.01	-.01	-372.96	98.06	-50.5	0	0	-80.7	30.2	9.3	41.2	131	0.13	6.7	87.4	33.4	3.2	12.1	2.8	47.8	6.6	0.02	0.07
